Integer:
Solving Sudoku puzzle...

Solution found in 0.1551 seconds!
Sudoku Solution:
+-----------------------+
| 4 9 8 | 7 2 1 | 5 3 6 |
| 5 6 2 | 9 3 8 | 1 7 4 |
| 7 1 3 | 5 4 6 | 2 8 9 |
+-----------------------+
| 2 4 1 | 8 7 9 | 3 6 5 |
| 9 7 6 | 2 5 3 | 4 1 8 |
| 8 3 5 | 6 1 4 | 9 2 7 |
+-----------------------+
| 1 5 4 | 3 6 7 | 8 9 2 |
| 3 8 7 | 4 9 2 | 6 5 1 |
| 6 2 9 | 1 8 5 | 7 4 3 |
+-----------------------+

BitVec:
Solving Sudoku puzzle...

Solution found in 0.0644 seconds!
Sudoku Solution:
+-----------------------+
| 4 9 8 | 7 2 1 | 5 3 6 |
| 5 6 2 | 9 3 8 | 1 7 4 |
| 7 1 3 | 5 4 6 | 2 8 9 |
+-----------------------+
| 2 4 1 | 8 7 9 | 3 6 5 |
| 9 7 6 | 2 5 3 | 4 1 8 |
| 8 3 5 | 6 1 4 | 9 2 7 |
+-----------------------+
| 1 5 4 | 3 6 7 | 8 9 2 |
| 3 8 7 | 4 9 2 | 6 5 1 |
| 6 2 9 | 1 8 5 | 7 4 3 |
+-----------------------+

